normal
1.777314
2.005099
2.108254
2.091105
2.165813
2.182283
2.096203
2.256338
2.336423
2.327816
2.385227
2.392696
1.961879
1.851097
1.928203
1.900633
1.941131
1.936918

hpi_change
1.777314
2.005099
2.108254
2.091105
2.165813
2.182283
2.012890
2.176849
2.256033
2.245540
2.302910
2.308082
1.961879
1.825500
1.909718
1.886552
1.931416
1.929538

hpi_plus_O3
1.822548
1.978017
2.913548
2.050536
2.143927
2.220584
2.057140
1.462746
1.767537
1.475061
1.572645
1.404914
2.211520
3.225703
3.699886
4.276221
4.415144
4.552544

