normal
35552500
35096250
35157250
34647000
34764000
34452250
62895000
62057750
62327000
61847750
62138750
61702250
49045500
45126500
43393250
42180750
41662000
40875750

hpi_change
35552500
35096250
35157250
34647000
34764000
34452250
60395250
59871500
60182500
59661750
59994250
59520250
49045500
44502500
42977250
41868250
41453500
40720000

hpi_plus_O3
18235500
14846500
18257750
12193000
12095500
12163250
28297500
17379250
18444250
14764250
15102500
13624500
33172250
32285250
33952000
36133000
36837750
37072500

